unique_id,post_heading,post_url,publish_time,tag,post_content,top_comments,upvotes,comments,upvote_ratio,score,total_upvotes_comments,total_score_comments,upvotes_growth_rate,comments_growth_rate,upvote_ratio_growth_rate,score_growth_rate
1igpmmn,Too harsh? Too soft? 10 penalty calls F1's stewards should have changed last season,https://www.reddit.com/r/formula1/comments/1igpmmn/too_harsh_too_soft_10_penalty_calls_f1s_stewards/,2025-02-03, News,,"['> ""Verstappen was sentenced to “public work” for his comments in Singapore. Leclerc swore in Mexico and copped a fine, but when Norris did the same in Qatar no one seemed to care. Perhaps a swear jar next to the press conference sofa would be a quick and easy fix?""\n\nHow about we fix it by letting adults be adults. There is a line that should be drawn, like insults of disabilities or threatening someone. But giving fines, public work or bans for saying fuck or shit is ridiculous.', 'Just want consistency', 'This will be unpopular but I wish the stewards were almost universally more strict.  These are supposed to be the best drivers in the world you cannot convince me they do not understand how much more one needs to slow down to complete a corner alongside another car.', ""I do wonder why F1 doesn't just have one or two sets of stewards for the entire season. Right now, it feels the rules are applied differently depending on which track the race is at. I just want consistency at this point."", 'Going through this list reminded me of how Kvyat once was penalized in some way that wasn’t in the rules for whatever he did, so after he served the penalty, they hit him with a proper penalty for the same incident.  \n  \nEver since then no stewards’ decisions can impress me.', ""I'm surprised no one here is talking about Charles intentionally hitting Lando in Barcelona and getting nothing for it. Now imagine if Max or Esteban did that 😬"", ""1. Chinese Grand Prix Sprint: Sainz passed Alonso on T8, where there was contact between the 2. Alonso lunged up the inside at T9, puncturing his own tire, and damaging Sainz's car. Alonso's race was ended, Sainz lost 2 positions. Alonso received 3 penalty points. (Race fans believes this to be too harsh) \n\n2. Chinese Grand Prix: Sargeant passed Hülkenberg after the pit lane exit under the safety car. Williams didn't advise him to return the position. 2 penalty points for Sargeant. (Race fans believes this to be too harsh)\n\n3. Miami Grand Prix Sprint: Hamilton dived down the inside of Alonso at T1 of lap 1. Hamilton locked up making contact with Alonso, who went into Stroll (who already made contact with Alonso from the outside). Stroll went into Norris, ending Norris' race. 0 points for Hamilton or Stroll. (Race fans thinks Hamilton should've received a minor penalty) \n\n4. Spanish Grand Prix FP3: Norris held up Leclerc, who then swerved towards Norris in retaliation. Leclerc received a reprimand (Race fans believes Leclerc deserved a grid drop)\n\n5. Austrian Grand Prix Qualifying: Piastri had a lap deleted for track limits at T6. However, the angle wasn't available for all other cars on their laps. In previous years, the FIA hasn't punished drivers under similar circumstances. (Race fans believes this to be too harsh)\n\n6. Austrian Grand Prix: Verstappen's various defensive moves against Norris. Based on the FIA saying that they should've given Verstappen a black and white flag for driving standards, but didn't, Race fans believe there should've been a penalty.\n\n7. Azerbaijan Grand Prix: Pérez and Sainz's contact. Sainz was ahead of Pérez on the straight, and Pérez caused the collision (according to Race fans), due to having full view of Sainz's car. (Race fans believes Pérez should've received a (grid drop) penalty at the following race).\n\n8. Singapore Grand Prix: Verstappen swore in a press conference and was sentenced community work. (Race fans believes this to be too harsh/too inconsistent).\n\n9. Mexican Grand Prix: Verstappen received two 10-second penalties for incidents wish track limits. The first one (T4) was assessed correctly according to Race fans. The second (T8), was not harsh enough (in their opinion), as they think Verstappen also deserved penalty points.\n\n10. Mexican Grand Prix: Colapinto was forced wide by Lawson at T1, but hung it out through T2 and eventually passed. The stewards ruled that Colapinto left the track and gained an advantage, but the footage shows that Colapinto deserved space. (Race fans thinks if anyone deserved a penalty, it should've been Lawson)."", 'Everyone here saying “consistency”, like yeah 2025 is the year FIA finally decides to fix itself.', 'Biggest BS of the season is still the false start by Norris, which did not get penalized at all, while there was a car being rescued on track. Also same weekend Mercedes got a joke 5000 Eur fine for adjusting tire pressure illegally.  \nBoth of those should have been a lot harsher']",1070,243,0.93,1070,225,225,75,17,0.0,75
1igtrhy,[Franco Colapinto via IG] Nice day @pierregasly @alpinecars,https://www.reddit.com/r/formula1/comments/1igtrhy/franco_colapinto_via_ig_nice_day_pierregasly/,2025-02-03, Social Media,"Full post translation:  
""It seems I'm not very good... but now that the goat has retired, he says he's going to give me a little bit of magic, I'll be sharp next year.  
I want the rematch @arturocoello__ in a short time I'll be blasting you with balls* what do you say @fernando_belasteguin ?

Nice day @pierregasly @alpinecars 💙""

*He used a common expression ""cagar a pelotazos"" which literally translates to ""to shit someone with balls""","['I wonder if they invited Jack lol', ""Doohan is getting booted after Australia, isn't he?"", 'Doohan is cooked', ""I've never seen tactical Instagram warfare being deployed for a F1 seat. Perhaps we never will again.\n\nAlso, love that Franco always seems to be looking bemused in group photos (also see the drivers' dinner in AD). Behind that bemusement lies a killer instinct, clearly!"", 'What is my blud Aguero doing here', 'Lol Belasteguin is basically the Messi of padel', 'Oh no… Franco you are gonna get suspended for that language!', ""Oh man, to be in the F1 circus and to get some down time to play with motherfuckin' Bella. What a life!"", 'They already look like teammates', '""Blasting you with balls"" is going to get him fined.']",631,52,0.96,631,47,47,136,4,0.0,136
1igm39a,"Max Verstappen vs. George Russell is not over, and it is good for the 2025 season - Motorsport.com's Alex Kalinauckas",https://www.reddit.com/r/formula1/comments/1igm39a/max_verstappen_vs_george_russell_is_not_over_and/,2025-02-03, News,,"['So did they just move over staff from autosport? Or is it just the autosport desk is now defunct but everything carries on under the umbrella of motorsport.com?', 'I am happy to see these guys challenging each other. I don’t want one dominant personality/ car', ""We'll see when the season starts. Last year it was all doom and gloom on how Verstappen would dominate in 2024 and just look at the season we got. Maybe the cars are further apart enough that they won't even meet each other at all upcoming season."", 'Russell vs Verstappen would genuinely one of the most entertaining fights. I think a lot people underestimate George. He is quite switched on when it comes to strategy and is pretty quick. Russell is also quite devious and will play the political game which adds to the entertainment as well.', 'It‘s a cute claim, but\n- nobody has seen the 2025 cars yet\n- nobody can assume a competitive ranking of those cars\n- we don’t know it RedBull have overcome their issues that made them lose dominance\n- we don‘t know how far Mercedes have come to get a grip on their car\n- we don’t know how fast Ferrari will be this year\n- we don‘t know if McLaren finally gets a hold on their strategy\n- and we don’t know how everyone else has developed their new car\n\nI mean, this could still be Max vs George for P10 for all we know at this point.', '> But if Verstappen’s “sometimes you have to cross a line” to show “the world champion mentality” attitude is right (it really isn’t, as so many past F1 champions have proven)\n\nThis is such a bad take and very typical of Alex Kalinauckas who has had a personal vengeance against Verstappen since day one. Of course many WDC’s have been won in a completely clean way. Verstappen has won two of those himself. But if it goes to the last race a very large number of WDC winners would go to and over the absolute limit to extract every last point necessary. But not many WDC’s go to the last race, not many WDC winners have met their rival on track on a crucial moment, so not many WDC winners have been put in that position. The ones who have been in that position, almost always have ‘crossed the line’', ""This rivalry is good for F1. While it's fun seeing the drivers be friends on social media, some of it is definitely fake and the rivalries can be much more entertaining"", 'Alex: and don’t let me start about Liam vs Nando. It is gonna be good for the next 10 seasons.', ""I would love this because I think Russell is genuinely good, and he's very good in taking his own calls which sometimes Leclerc struggles with. \n\nI hope that Mercedes has pace because Verstappen will drag that Red Bull no matter what.""]",592,237,0.87,592,212,212,20,3,0.010000000000000009,20
1igq2nm,"New Technical Directive Will Change Car Balance, Beware of Bouncing",https://www.reddit.com/r/formula1/comments/1igq2nm/new_technical_directive_will_change_car_balance/,2025-02-03, News,,"['We back to 2022 with this one', 'Please god, not another year of porpoising.', 'Looks like porpoising is back on the menu boys!', ""Lewis Hamilton's spine right now\n\nhttps://i.redd.it/qzdil21vvxge1.gif"", 'Red Bull are the only team vocally against it in the media so far, but considering Ferrari also spent a lot of their budget on this after the FIA said it was allowed last year when they asked, I wonder why they aren’t as vocal as RB right now.', 'love the fia potentially ruining any possibility of an actually competitive f1 season', ""So stupid and unnecessary to decide something like this in February, when surely every single car has been designed already (teams must be super close to assembly process now).\n\nImagine, some of them may have spent millions on something that at some point of the season won't be legal anymore.\n\nChanging rules mid-season, it's absurd, but somehow it keeps happening."", 'What’s interesting is that apparently McLaren has pushed for this directive and RedBull is slightly frustrated with this.\n\nWhen RedBull were calling for it to be banned last year, FIA said they will change nothing.\n\nNow here comes McLaren pushing for the very same thing and FIA decides to act on it, after RedBull has spent development resources to try and get it incorporated into the RB21.\n\nOne could assume McLaren has found something to balance out their 2025 car without utilising the flexing front wing to the same extent they were using it in 2024.\n\nBut this is some backhanded shit from the FIA to suddenly decide to act on it like this.\n\nI bet Ferrari is not super happy about it either.', 'I don’t think Lewis Hamilton’s spine can handle a porpoising Ferrari.']",488,98,0.97,488,91,91,29,2,0.0,29
1ig9pdq,The “subservient” role Lambiase used to aid Verstappen’s Brazil brilliance,https://www.reddit.com/r/formula1/comments/1ig9pdq/the_subservient_role_lambiase_used_to_aid/,2025-02-02, News,,"['“It’s something you need to be innately aware of when you are communicating with a driver that’s traveling at 300kph+ in a very high-pressure environment like that,” Lambiase told Motorsport.com.\n“Whilst we are a duo, I think you need to realise that the engineer needs to be subservient to the driver at that point.”\n\nAnd that’s why GP is a great race engineer. He knows what he is doing. No useless info to a driver during an overtake, defending a position or any situation that requires full focus from the driver. And certainly, clear and to the point answers to driver’s questions instead of “we are checking”.', '>... when you are communicating with a driver that\'s traveling at 300kph+ in a very high-pressure environment like that...\n\nAnd then Bob, after watching 2 episodes of DtS, comes and asks ""...but can\'t the drivers be nicer to their engineers.."", after hearing one cherry picked radio transmission, that\'s aired on Sky.', 'Great GP!', 'Safety car aided more than GP lol', 'As much as Ferrari gets shit about their “we are checking”, i really think Will Joseph (Lando’s engineer) is a much bigger problem. We can’t go a single race without something along the lines of \n\n“Lando, we think we should pit for new tires. It’s your choice, do you want the hard or the medium? If you choose the hard then you’re fighting Hamilton, but if you choose the medium then you’re fighting Verstappen. But we don’t know if the medium will last to the end and we don’t know if the hard has the right pace so maybe we shouldn’t box. But it’s your choice. Hard or medium? Or stay out?”\n\nMeanwhile Lando answered halfway through, changed his mind on the second sentence and then makes an unconfident choice at the end because of the word vomit he was given. Should be as simple as “Pit for hards to cover Hamilton” and if Lando disagrees he can say so. But to have a full on strategy meeting mid-race is too much.', 'The constant discourse around Ferrari messages like ""question"" or ""we are checking"" is consistently ridiculous, because it is exactly clear and to the point.\n\nBy starting every radio message that\'s a question with ""Question"" the driver immediately knows it\'s something they\'re expected to reply to rather than needing to concentrate on it all. Same with ""we are checking"", the driver immediately knows what\'s happening.', '> we are checking\n\nIt\'s clear as the sun if you think about it.\n\nQuestion from the driver > acknowledge from the engineer (that they don\'t have and answer yet, and they are checking) > update from the engineer.\n\nWe can debate on many other things about Ferrari communications, ""we are checking"" is made fun of, but it\'s pretty straight-forward.', 'yeah kinda funny how people were saying that Hannah needs to quit after Hungary because Max was a little mean.', 'Bob never said that. Stop inventing.']",213,36,0.88,213,31,31,13,0,0.010000000000000009,13
1igv3k9,A chart about which nationality won how many Grands Prix each year,https://www.reddit.com/r/formula1/comments/1igv3k9/a_chart_about_which_nationality_won_how_many/,2025-02-03, Statistics,"1st picture: Ranked by which nationality got the most wins each year
2nd picture: Ranked in order by all time Grand Prix wins","['Am I crazy or does this graph say Piastri is Finnish?', ""Just a heads up, it appears you gave Piastri's wins Finland colors instead of Australia. Otherwise this really puts into perspective how long the season has gotten too."", 'Makes Germany and UK almost the same colour', 'Also interesting to see how the number of races has grown over the years.', 'One thing i found rather interesting is how you can see in which years big names of F1 started to really challenge for wins and titles (some of the last decades would be Verstappen, Alonso and Schumacher)', ""As an American who loves vintage F1, I pretty much knew every maroon dot as I saw them. (The 1950s were all the winners of the Indy 500, when it was part of the F1 Championship. But, since they didn't compete in any of the other F1 GPs those years, do they really count?)\n\nThen you finally have Phil Hill winning in 59-61. 1962 saw Dan Gurney win in a Porsche! Dan then got us wins in 64. Richie Ginther scoring the only Non-UK win for the year in 65.\n\nAnd, finally the Historic win for Dan Gurney in 1967. (One of only 3 people to ever win a GP in a car of their own design. And, the only American to do it.)\n\nThen, a long drought until the rise of Mario Andretti.\n\nAnd then.... Well, we've been waiting ever since for another one."", ""Berger's victories in 1994 and 1997 missing. Seems he's accidentally been marked as Italian."", 'Letting us all down, Stroll!', ""Me, a Pole, instantly checking if 2008 has Kubica's win""]",108,21,0.92,108,19,19,36,1,0.020000000000000018,36
1igqcbz,C̶a̶r̶b̶o̶n̶... Carbono #williamsf1 #f1 #formula1,https://www.reddit.com/r/formula1/comments/1igqcbz/carbon_carbono_williamsf1_f1_formula1/,2025-02-03, Video,,"['It has been declared!', ""Of all the changes/moves across the grid this year, Lewis to Ferrari included - I'm most excited to for Carlos going to Williams."", '\nCabrono', 'Carbono it is then.', 'I NEED THAT JACKET ASAP', '""Carbono, my Car is gone""', 'I love them dearly \U0001f979', 'Carbonara', ""Not Max's Exes?"", 'Carbonara is too Italian and Carlos wants a fresh start after the breakup. Don’t mention the ex!']",83,13,0.89,83,13,13,16,0,0.030000000000000027,16
1ig9ke9,Lewis to Ferrari - Career Stats,https://www.reddit.com/r/formula1/comments/1ig9ke9/lewis_to_ferrari_career_stats/,2025-02-02, Statistics,"I did a thing to celebrate Lewis career and his move to Ferrari. 
Interactive visualization: https://public.tableau.com/app/profile/vivif/viz/LewisHamiltontoFerrari/LEWISTOFERRARI","['Looks promising. I see a bunch of lines but they look promising', '2024 was his worst performance in WDC, damn such a godly career\n\nAbsolute goat!', 'If just 3 races had gone slightly differently, China 2007, Malaysia 2016 and Abu Dhabi 2021, he would be a 10 time world champion.\xa0\n\nAnd this is without speaking about how he could have possibly won 2010 and 2012 as well. \xa0', '2020 was just something else, both the car and him.', '9 hours and no interaction with this post. Like, whatsoever.', 'that’s a nice overview but why are the graphs in line with the bars? one seems obsolete. would have been cool to have the graph display his quali result instead.', 'Where do you get raw data for Formula1?', 'Hard to read GOAT to the Scuderia and not seeing a Schumacher picture.', 'He really struggled with the ground effect cars.', '4 Races because you can include Barcelona 2010 in that list of a single race in the championship going slightly differently resulting in him being WDC.\n\nIn 3 of the 4 races it was something out of his control that took it away from him and even China 2007 was a case of a rookie listening to the team rather than trusting their gut.']",77,15,0.78,77,16,16,-1,0,0.0,-1
1igjcu7,MONDAY TRASH TALK THREAD,https://www.reddit.com/r/formula1/comments/1igjcu7/monday_trash_talk_thread/,2025-02-03, Discussion,"TRASH TALK 101 FOR ANYONE NEW HERE - BEACAUSE. TRASH. TALK. IS. A. GENERATIONAL. THREAD.

&#x200B;

STEP ONE: LURK ON THE SUB VERY REGULARLY, MAKING SURE TO SORT BY “NEW”.

&#x200B;

STEP TWO: GET INSPIRED BY WHATEVER MAD NARRATIVE OR TREND GRIPS THE SUB THAT PARTICULAR DAY / WEEK. OFF SEASON IS QUITE SLOW BUT RACE WEEKS / WEEKENDS SHOULD YIELD A LOT OF SUBJECT MATTER. THE MORE INSANE AND UNREALISTIC, THE BETTER QUALITY SUBJECT MATTER IT IS. WATCH PEOPLES' OBSESSIVE BEHAVIOUR VERY CLOSELY - IT WILL YIELD SOME FASCINATING INSIGHT.

&#x200B;

STEP THREE: AT THIS STAGE YOU MAY BE FEELING SICK WITH THE AMOUNT OF NONSENSE YOU HAVE FORCED YOURSELF TO VIEW. FEEL FREE TO STEP OVER INTO r/f1circlejerk AND MAKE YOURSELF FEEL BETTER BY POSTING A MOCKING IMITATION OF THE NONSENSE.

&#x200B;

HOWEVER AS YOU BUILD YOUR TOLERANCE, YOU WILL FIND YOURSELF ABLE TO WAIT FOR MONDAY, THE HOLIEST OF DAYS. PEOPLE WILL TELL YOU RACE DAY SUNDAY IS THE BEST DAY, BUT THOSE PEOPLE ARE UNENLIGHTENED SAVAGES.

&#x200B;

STEP FOUR:

&#x200B;

(A) AS SOON AS THE TRASH TALK THREAD IS POSTED, UPVOTE IT. THIS IS IMPORTANT.

&#x200B;

(B) \[REDACTED\]

&#x200B;

(C) THEN - UNLOAD YOUR MOCKERY AND SCORN OF ALL THE VILE RUBBISH YOU HAVE WITNESSED FROM SUB USERS AND ""RESPECTED"" ""JOURNALISTS"".

&#x200B;

(D) SIT BACK AND WATCH THE UPVOTES GATHER. CLEVER PHOTOSHOPS AND META REFERENCES WILL YIELD MORE UPVOTES.

&#x200B;

STEP FIVE: REALISE THAT TRUTH AND SENSE ONLY EXIST IN THIS THREAD AND MAKE IT YOUR WEEKLY MISSION TO POST HERE.

&#x200B;

AND REMEMBER: FLAIR UP AND SMASH THAT CAPS LOCK! AAAAAAAAAAAAA!

&#x200B;

GOOD LUCK AND MAY THE TRASH TALK BE EVER IN YOUR FAVOUR.

&#x200B;

\----

&#x200B;

/r/FORMULA1 \[POSTING GUIDELINES\](/r/formula1/wiki/userguide#wiki\_posting\_guidelines) STILL APPLY.","['WHY DOES GEORGE, THE LARGEST DRIVER, NOT SIMPLY EAT THE OTHER 19? IS HE STUPID?', 'PUT MBS IN A BLENDER, FUCK THAT GUY AND WHAT HE IS DOING TO THE SPORT', 'I AM SCARED THAT FERRARI IS GOING TO RUIN THE LEWIS HYPE.\xa0', 'MAX SHOULD ROCK UP TO THE DRIVERS CONFERENCE SLAP DOWN A STACK OF CASH AND TELL BEN SILLYMAN TO COME COLLECT HIS FUCKING FINE.', 'EXPLAIN LUKA TRADE IN F1 TERMS', 'Explain Luka Doncic trade in current F1 terms.', 'IM AFRAID FERRARI WILL MESS UP BIG TIME THIS SEASON AND RUIN WHAT IS LEFT OF LEWIS’ CAREER. I WILL BE SO PISSED IF THAT HAPPENS.', 'RACE AT MOUNT PANORAMA COWARDS', 'IT’S THE FIRST MONDAY IN FEBRUARY. ALMOST THERE PEOPLE.']",70,74,0.83,70,258,258,-4,0,0.0,-4
1igwiao,What Pirelli's told F1 teams about Hamilton/Sainz tyre failures,https://www.reddit.com/r/formula1/comments/1igwiao/what_pirellis_told_f1_teams_about_hamiltonsainz/,2025-02-03, News,,"['>The Race can reveal that the conclusions from Pirelli were that the tyre failures were not a repeat of what happened at the 2023 race – when a number\xa0of punctures were triggered by cuts from sharp kerb edges.\n\n>Instead, Pirelli explained that Sainz and Hamilton’s tyres failed simply because of excessive wear, as they had gone beyond the expected lifespan of their rubber.\n\ntldr just too much wear. To avoid a repeat softer tyres could be an option to increase (thermal) degradation and therefore make it not worth it to run to the wear limit.\n\n>While implementing a maximum stint length, as happened in 2023, is unlikely, one option could be to shift the tyre selection for the race weekend one step softer.\n\n>This would ensure that the tyres lose performance more through thermal degradation well before they hit their maximum wear rate.', 'TLDR: both failures were caused due to wear rather than debris from the mirror.', '[Most of the other drivers did the same strategy](https://www.reddit.com/r/formula1/comments/1h4gxnc/qatar_grand_prix_race_strategy_performance_recap/) of hanging on for a safety car, looking back at the [Pirelli materials from the time](https://www.autohebdof1.com/news/f1/what-possible-strategies-for-the-qatar-gp-2024.html) they had the pit window ending at lap 25 for a one stop. \n\nSo we could potentially have been a lap or two off most peoples tyres failing.', ""Doesn't matter if it was because of the debris or not, them leaving the mirror in the middle of the track whilst throwing random flags around at random times despite the situation remaining consistent is the issue."", 'Called it, it seemed pretty clear: https://old.reddit.com/r/formula1/comments/1h50hvp/autoracerit_fred_vasseur_on_lost_points_in_qatar/m03xwol/\n\nFrom a later comment also:\n\n> In 2021 there were left front punctures for Bottas, Latifi, Russell. On tyres that had done 33, 32 and 32 laps respectively. (And these were not at the same time. Bottas 1st stint, the others 2nd stint)\n\n> In 2024 there were left front punctures for Hamilton and Sainz on tyres that had done 33 laps each.\n\n> That’s mighty suspicious.', ""IMO the bias should always be toward going softer on the scale. I understand why they don't, but from a viewership perspective higher degradation often leads to better races."", ""It'll pretty much be because they were all expecting a SC for the debris so didn't want to pit and put them over the edge on wear"", '""we can\'t figure it out so we\'re going to artificially mandate maximum running on a tire"" - Pirelli (as usual)', 'They went 40+ on tires expected to go 30 or something like that right? Nobody wanted to stop for the hards which were definitely too slow']",79,17,0.94,79,16,16,60,10,-0.010000000000000009,60
1igy6mn,"[Luke Smith] LVGP says new start time ""is based on feedback, insights and experience from the first two races, expanding opportunities for fans to explore the destination and continuing to engage with more fans across the US. [...]""",https://www.reddit.com/r/formula1/comments/1igy6mn/luke_smith_lvgp_says_new_start_time_is_based_on/,2025-02-03, News,,"[""It didn't make a lot of sense to me to have a US grand prix that was starting at 1am EST."", ""What's the new start time?\xa0"", ""As an EST viewer, I'll propbably watch it live with it starting at 11pm instead of 1am. Though I don't personally mind watching the races delayed, I know that impacts some viewer's enjoyment, and for having any hope to pick up new US fans, this time change- or more- was necessary for sure. It could have been more extreme, honestly. At this point, it's already difficult to watch live in Europe unless someone is extremely committed to not watching delayed. I might have moved it another hour, (maybe even 2). It's plenty dark by then in Vegas."", 'This the first anyone heard about Las Vegas being brought forward two hours?\n\nThereby giving it a 4am UK time start time', 'Finally we stop helping the poor Europeans from having to wake up a little early', 'It was also freezing on the stands. If they had started just before or at sun down, the weather would have been slightly warmer.\n\nAt 10pm start time for FPs and qualifying, it was already in the 40s Fahrenheit.', '2 hour earlier, 20:00 local', '2 hours up, so 8pm Las Vegas Time.', 'Hey, if the aussies have to wake up at 4am constantly, the brits can do it once.']",30,22,0.83,30,19,19,30,22,0.83,30
1igjd6w,Ask r/Formula1 Anything - Daily Discussion Thread,https://www.reddit.com/r/formula1/comments/1igjd6w/ask_rformula1_anything_daily_discussion_thread/,2025-02-03,,"# Welcome to the [r/formula1](https://www.reddit.com/r/formula1/) Daily Discussion / Q&A thread.

This thread is a hub for general discussion and questions about Formula 1, that don't need threads of their own.

Are you new to Formula 1? This is the place for you. Ever wondered why it's called a lollipop man? Why the cars don't refuel during pitstops? Or when Mika will be back from his sabbatical? Ask any question you might have here, and the community will answer.

Also make sure you check out our [guide for new fans](https://www.reddit.com/r/formula1/wiki/newtof1), and our [FAQ for new fans](https://www.reddit.com/r/formula1/wiki/faq).

Are you a veteran fan, longing for the days of lollipop men, refueling during pitstops, and Mika Häkkinen? This is the place to introduce new fans to your passion and knowledge of the sport.

Remember to keep it civil and welcoming! Gatekeeping within the Daily Discussion will subject users to disciplinary action.

Have a meta question about the subreddit? Please [direct these to the moderators](https://www.reddit.com/message/compose/?to=/r/formula1) instead.","['on F1TV Pro can we choose Sky Commentary during live races? 🤔', 'Anybody read the first issue of Esses magazine? How was it? Worth it?', 'Which season do you rate higher, Norris 2024 or Vettel 2018?', 'How good do you think the BMW Sauber was in 2008, and how good do you think Kubica’s performance was?', 'When will the start times be released? Do we have any idea?', ""I'm just about done watching the F2 2017 season - not to take anything away from Charles' outstanding F2 season, but was the mechachrome lottery as much a thing then as it is now?"", ""I've noticed that the official F1 account has been posting in Spanish on their social media quite a lot since late last year. They aren't doing this in any other language besides English and now Spanish. Why do you think that is?"", 'Who do you think was a stronger driver, Gerhard Berger or Jean Alesi?', 'If I see how compact this V10 is, I can’t help but wonder why they don’t go back to a naturally aspirated V8 or V10. Combined with a compact yet powerful electric assist, it could be a great solution. For the sake of clarity, without the turbochargers on the sides.\n\nhttps://youtu.be/0UyIqQzg36U?si=GO9I8Z13TH_TnNhM', 'I’m curious to know if the topic of AI has been discussed in the F1 circle. FIA loves regulations so wonder if this has crossed their minds. Some teams have talked about how AI is used. From engineering to race strategy, AI can give any team a leg up on competition. Developing tools with AI is not cheap. Is that just going to be something that goes against the cost cap? Separate cost?']",6,45,0.64,6,45,45,-1,3,-0.030000000000000027,-1
