unique_id,post_heading,post_url,publish_time,tag,post_content,top_comments,upvotes,comments,upvote_ratio,score,total_upvotes_comments,total_score_comments,upvotes_growth_rate,comments_growth_rate,upvote_ratio_growth_rate,score_growth_rate
1gru00i,[Tobi Grüner] Formula 1 is working on a rule change for 2026 to make life harder for customer teams like RB or Haas. If a team finishes P5 or higher in the WCC it has to design all non-listed parts (TRC) on their own (after a period of 3 years),https://www.reddit.com/r/formula1/comments/1gru00i/tobi_grüner_formula_1_is_working_on_a_rule_change/,2024-11-15, News,,"['From the linked article: ""While Toro Rosso (Racing Bulls) is open to the proposal, Haas team boss Ayao Komatsu has already announced his opposition. ""It would be a killer for the small teams. If Formula 1 wants as many teams as possible to be competitive, then it will reject this rule. What better thing could happen to the sport than David winning against Goliath?""\n\nKomatsu also believes that the in-house production of certain parts is overrated: ""What fan cares whether the gearbox or the suspension comes from Ferrari or from us?""', 'So if you finish 5th once, you then need to build your own parts within 3 years… but for how long?\n\nIf Haas finishes 5th in 2026, then finishes last the next ten years, will they get a reprieve? Or do they have to continue to make their own parts for all eternity because they finished 5th once?\n\nIf Andretti bought Haas after Haas finished 5th, would the rule reset?\n\nThis seems really confusing to implement. Either ban the practice outright, or leave it as is. This rule makes no sense.', 'What? Why? What good or bad does it do?', 'p5 or higher is an odd cutoff. why even have it in the first place, have the same rule for all teams, either let everyone use non listed parts or no one', 'So, we will see the customer teams intentionally throwing races, retiring early or skipping them entirely in order to not finish too high.\n\nSounds great and will certainly motivate the drivers too.', 'Seems a dumb rule if it only applies after you finish 5th, would be a huge oenalty for success.\n\nEither they require all teams to make everything or not, if they do, put it in the rules for 3 years time.\n\nEither teams invest and skill up to the required level, or they sell up to one of the many interested parties that could.', 'out of all the things to try and fix, this was not on my bingo card', ""A customer team that's doing great work? let's make them less competitive!"", 'Cant wait to see a customer team intentionally throw the last races of a season because they are in P5 and want to get overtaken.\n\nWhat an odd rule.']",5374,384,0.96,5374,16564,16564,54,2,0.0,54
1grt9y7,Bottas deserves better than bowing out 23rd in a 20-driver championship,https://www.reddit.com/r/formula1/comments/1grt9y7/bottas_deserves_better_than_bowing_out_23rd_in_a/,2024-11-15, News,,"['Tbh, this is unexpected worst finisher in last place I ever encountered', ""It's kind of sad how he and his junior category rival Ricciardo both had these weird meek F1 exits."", ""Most F1 drivers leave without pomp and ceremony - unless you do it on your own terms it's likely you'll either be dropped or just let go on contract expiry. \n\nI don't blame him going to Sauber to stay in F1 a bit longer but it was always going to be a career ending move."", 'I read “bowling out” and immediately thought they talked about his Hungary GP legacy.', 'Blame Sauber for that. Joke of a team....', 'Honestly, he doesn’t care and as a BOT fan it is fine. The man’s a good bloke and he will always have loyal fans.', ""It's crazy that he's been consistently a lot better than Zhou all year yet is still behind him thanks to one decent finish from Zhou. I think this is a good case for expanding the points beyond P10"", ""Does it even matter if he's 21st or 23rd?"", 'Who the fucking ever drove this piece of shit box would lose their confidence in racing.']",4430,321,0.97,4430,9445,9445,96,2,0.0,96
1gry9mg,Carlos Sainz to take part in Abu Dhabi test,https://www.reddit.com/r/formula1/comments/1gry9mg/carlos_sainz_to_take_part_in_abu_dhabi_test/,2024-11-15, News,,"['Glad they’ve released him for it. \n\nSo I guess Charles will be doing full-day duty for Ferrari then, seeing as Lewis won’t be released by Merc?', 'Oh damn, they actually managed to convince ferrari. Good for Carlos!', 'I dont need constant reminders of my pain and suffering \n\n\nRegards 🙏', 'So what are the possible lineups for the rookie and tyre tests respectively now?\n\nRed Bull: Hadjar - Verstappen/Perez\n\nMcLaren: O’Ward - Norris/Piastri\n\nFerrari: Fuoco(?) - Leclerc\n\nMercedes: Antonelli - Russell\n\nAston Martin: Drugovich - Alonso/Stroll\n\nHaas: Fittipaldi(?) - Bearman\n\nRB: Iwasa - Lawson\n\nWilliams: O’Sullivan(?) - Sainz\n\nAlpine: Doohan - Gasly\n\nSauber: Bortoleto - Hulkenberg', 'Carlos will be like: “Start inventing”', 'The first feeling after driving the car is probably going to be *""My God, what a downgrade!""*\n\nJokes aside, good for him and nice gesture from Ferrari, better to start early and doing it in the same circuit where you just had a full weekend with another car should result in a very accurate feedback.', '2nd Spanish Rookie in the rookie test within a few years... These Spanish seem to have quite good junior careers too', 'Wow the Italians have actually done what the Germans refused to do. Kudos!', 'He will have the best spec car plus brand new engine and box to give him a good impression']",2563,156,0.99,2563,4578,4578,53,2,0.010000000000000009,53
1grtl7z,[@HillF1] Its been a fantastic 13 years with @SkySportsF1 but all good things come to an end. I will miss the most impressive bunch of professionals it has ever been my pleasure to have worked with. Looking forward to new challenges,https://www.reddit.com/r/formula1/comments/1grtl7z/hillf1_its_been_a_fantastic_13_years_with/,2024-11-15, Social Media,,"['Ex-driver with nothing to do, hmm?\n\nGonna be laughing at the fan reaction when he ends up doing some stewarding.', ""I'm so curious to know what's happening behind the scenes for all these changes this week. Most could have waited for the off season.\xa0"", 'wtf happened this week that everybody is fucking leaving', 'Take Danica with you!', ""Wouldn't be surprised if there's a major overhaul at Sky. Damon I doubt will be the only pundit that's out the door there over the off-season. \n\nIt's a shame JB is racing still because he'd be an ideal lead pundit."", 'now Danica next', 'Used to appreciate his insights but yeah sadly I don’t think he really adds much to the coverage nowdays. \n\nNow if they can lose DP and I’ll be pretty damned happy with the team they have.', 'Brazil hit him hard', 'Please no DANICA, please.  Cannot stand her insight.', 'Brazil practice was a tough watch tbf. He was miles off it\n\nI’d love someone like Button and Rosberg to step up more frequently. Or even better, rotation of some of the young reserve drivers who are always brilliant when interviewed']",2226,430,0.97,2226,8742,8742,35,0,0.0,35
1grv25i,[Lawrence Barretto] I’ve just chatted to Williams. They tell me there’s no truth to the chatter they won’t be in Vegas after sustaining massive damage via three crashes in Brazil. They say they’ll have both cars ready to race in Nevada. That’s an incredible effort from the team and suppliers.,https://www.reddit.com/r/formula1/comments/1grv25i/lawrence_barretto_ive_just_chatted_to_williams/,2024-11-15, News,"Puts the rumors of the team not being able to race in Vegas, which somehow got traction the past few days, to rest.","['This was such a stupid rumour because the only thing any of the articles cited was the Vowles debrief video, where he said it might be tight getting the full upgraded specs ready. Nothing at all about missing the race whatsoever.', 'Will it be of the spec they’ve been running recently though, is the question.\n\nThey were always going to be able to field two cars. But whether it’s two good cars is more in the air…', ""I didn't even realise this was a rumour tbh"", 'Man all of these breaks are leading to the silliest rumors.  Can’t wait for winter break! 😩😂', 'Being a Williams mechanic/engineer must be one of those things that either completely breaks you mentally or turns you into Max Verstappen/Adrian Newey of F1 car repairs', ""Being present was expected. Just depends how the cars were repaired and how they can perform.\n\nAlthough Williams' season is realistically over. The Brazilian GP ended all hopes for 8th place, and another race like Brazil 2024 isn't common. Las Vegas and Losail are still recent tracks though, so there's that curveball at play. Yas Marina is historically a heavily processional race.\n\nBut they could play it safer for the rest of the season. They might have to."", 'they will run their cars\n\nthe question is whether the cars will be battling Aston/haas for P8-P9 or Saubers/checo for P17-p18', ""I don't think they could even if they wanted to--they probably have contractual obligations to their sponsors to field both cars each race. And I think the Concorde agreement might mandate it as well?"", 'There was a rumour about this? Totally missed it.']",2035,68,0.98,2035,1720,1720,48,0,0.0,48
1gs35lt,Charles Leclerc was invited by the French air force for a couple of days flying on their Rafale fighter jets. He reaches 8.2G and compares how it feels to F1.,https://www.reddit.com/r/formula1/comments/1gs35lt/charles_leclerc_was_invited_by_the_french_air/,2024-11-15, Video,,"['This is so cool.   Beautiful shots over Monaco at sunset.', 'He was so excited throughout. Count the number of times he said crazy shit lol', 'He said how lucky he was for being a F1 driver and we have to keep in mind the amount of luck it takes, not only skill and yet he could top this piloting a fucking war jet. He just checked two dream boxes of almost every man alive would like to check.\n\nWay to go, chill dude, well done video, stunning visuals, thanks for sharing OP.', 'Pretty wholesome video! Amazing to feel that speed and acceleration that can humble an F1 driver… probably similar to how one of us would feel inside the f1 car. Amazing', '10000€ fine in the first 10s... Way to go Charles!\n\nNice video, must have been an amazing experience!', ""I liked the one guy who suggested that Charles go check out Monaco while he's in the area."", 'George Russell also did this with Ted Kravitz for a Sky piece where they both flew in Typhoon fighter jets.  Ted looked distinctly uncomfortable with the barrel rolls and G forces while George was clearly loving it.  F1 drivers would probably make great fighter pilots.', '🤮 <- Me after about ten seconds of that 🤣\n\nSo cool though 😎', 'Good lord I love the Rafale so much, that thing has hard carried me on AC7 for a long time lmao']",1960,140,0.98,1960,135,135,150,1,0.0,150
1gru38s,[Dave Nelson] Looks like F1-75 Live tickets at the O2 have sold out instantly. Attempts to get tickets from my end have failed. Tickets are on Viagogo and other third-party reseller sites. The absolute state of the prices here,https://www.reddit.com/r/formula1/comments/1gru38s/dave_nelson_looks_like_f175_live_tickets_at_the/,2024-11-15, Social Media,,"['£1k+\n\nReality really has left the fucking building', 'To put this in perspective the most expensive weekend ticket for monza is cheaper', 'Reselling culture is awful!! I hope no one actually buys these tickets because they’re unbelievable overpriced. Such a shame, I hope something gets done about bots reselling tickets like this.', ""The fucking state of live events and especially concerts will never stop infuriating me. \n\nWas talking about it with my dad and I really wouldn't mind getting up early and standing in a line for 3 hours to get tickets for led Zeppelin like he did. Would certainly be better than having to cope with ticketmaster's awful practices."", ""And max isn't even gonna be there! Terribly sick that day"", 'Why not personalize them? One ticket per person - tickets should only be allowed to be purchased through personal identification.\xa0', 'I was offered presale and declined. I don\'t really understand the appeal in a livery reveal and nothing more. But it\'s a shrewd business decision from Liberty Media to monetise the ""interesting"" part of the preseason.', ""Waited over an hour... got to the Buy and it just said 'No Tickets' .. Immidately on viagogo and the cheap tickets are £200 - what a waste of energy"", 'Paid less for a 4 day grandstand at the first race of next season. Think I got my money’s worth, unlike these tickets.', '“Sold out instantly” is corporate speak for “bots bought them and you can now buy them for jacked up prices”']",1653,209,0.98,1653,6133,6133,24,2,0.0,24
1grr8ci,Gladiator II,https://www.reddit.com/r/formula1/comments/1grr8ci/gladiator_ii/,2024-11-15, Social Media,"The Modern Age F1 Gladiators Charles Leclerc and Carlos Sainz at the Premiere of Gladiator II, looking Chic n Dapper in Custom Made Ferrari Tuxedos.","['Stupid sexy Ferrari boys', '""Are you not entertained?""\n\n\n""We are checking, I\'ll come back to you""', ""charles' face card is insane.\nhim and carlos are the perfect ambassadors for the team honestly."", ""I don't think we'll ever get a more handsome team combo as those two. Stunning men."", 'The necks on these guys, they’d both ruin mescal', 'Carlos Sainz, the man that you are.', 'Ricky... What film is this... Why are we watching Gladiator, and not Gladiator II... Ricky Hello?', 'charles’ beauty is actually on a whole different fucking planet', '""What we\'re checking in life copies in eternity""', 'When your F1 drivers easily outshine a movie star.']",1623,37,0.96,1623,1270,1270,68,0,0.0,68
1grsti7,[@f1] All the points gathered across the board during the Americas triple header. Ferrari and their drivers take the biggest share from across the grid,https://www.reddit.com/r/formula1/comments/1grsti7/f1_all_the_points_gathered_across_the_board/,2024-11-15, Social Media,,"['Williams came away from the triple header with more destroyed cars than points.', 'Perez with 7 points 😭', 'Both Alpine drivers outscored Checo in 1 race lmao', 'I swear these are just made to shit on Checo lol', 'charles and max have been 10/10s (sainz almost but brazil was a stinker)', 'If this happens in the next triple header Ferrari will win the WCC', 'BTW Kev missed Brazil weekend.', '2024 WDC Max Verstappen\n\n2024 WCC Ferrari', 'Where PEREZ', 'Where is Perez']",1134,156,0.97,1134,3768,3768,36,0,0.0,36
1grtdos,Esteban Ocon admits Toyota tie-up has ‘reinforced’ his belief in Haas F1 move,https://www.reddit.com/r/formula1/comments/1grtdos/esteban_ocon_admits_toyota_tieup_has_reinforced/,2024-11-15, News,,"['Ocon driver for Toyota WEC after F1 stint?', 'It certainly made them look more legitimate.', 'My guess is that he previously thought this was his last chance to stay in f1 (I mean there was so much drama/ controversy going on at the time) and now it turns out that haas is genuinely looking good and the Toyota partnership proves that. I bet he is happy af after all the stuff he has been through', 'Do the people who write titles these days even understand what the word ‘admit’ means?', 'Did he admit that? Or did he just say it? Every time I read that someone has ""admitted"" something in one of these articles lately, it seems even more ridiculous.', 'What do you mean ""admits""', ""Part of me is going to be really annoyed if Haas' first podium goes to Ocon."", 'Because there was a queue of teams fighting for his signature?', ""I think he'd be a pretty good wec driver, he has pace and adaptability in changing conditions.""]",1121,54,0.98,1121,1664,1664,45,1,0.0,45
1gs0q6i,"[@MuseiFerrari] From November 15th to January 12th, grab your Fan Ticket at Musei Ferrari for a chance to join the exclusive launch of Scuderia Ferrari HP’s 2025 single-seater in person.",https://www.reddit.com/r/formula1/comments/1gs0q6i/museiferrari_from_november_15th_to_january_12th/,2024-11-15, Social Media,,"['so much for the joint car unveiling looooooool', '[translated from duchessa](https://x.com/giulyduchessa/status/1857459613097976107?s=46&t=DPEOOEjqLyRLpOu-HcUZjQ)\n\nOn February 18th in London, #Ferrari will present the livery team.\n\nThe new n. 677 car for the 2025 season will be presented with a special dedicated event', 'So, livery presentation at the O2 event and then the car launch sometime afterwards. I imagine all the top teams might do the same.', 'F1: Joint launch!\n\n\nFerrari: How about no?', 'Good.  The Ferrari reveal has been an actual event these past few years.', 'There is one week between the season launch and pre-season testing. Assuming everyone will launch their livery at the season launch as announced they have that one-week window to do an actual car launch, unless they get around it with a testing livery or something.', 'Anyone who got beaten to the O2 tickets by scalpers might have gotten a better deal here', 'With Lewis joining, they were never not going to do a separate event for car launch.\xa0', 'based move', 'F1: Guys. At least wait with the announcements until the tickets are sold out.']",685,31,0.97,685,1171,1171,31,0,0.0,31
1gs8mwe,Silverstone '87 & Monaco '88,https://www.reddit.com/r/formula1/comments/1gs8mwe/silverstone_87_monaco_88/,2024-11-15, Throwback,"Came across a box full of old photos from the 1987 British GP and 1988 Monaco GP. Mansell looking as cool as ever in the paddock, Richard Branson repping Alfa, close-ups of the cars and Senna's car after the infamous crash. ","['Is that young Richard Branson in image 3?', 'A rare no-moustache-Mamsell, barely recognisable.', 'Beautiful shots', 'These are GORGEOUS!!', ""Fantastic shots in here. That one of Senna's crashed McLaren seems particularly significant\n\nThink there's a few from Silverstone '88 in there too (the Mansell pic in particular). Nigel still had his 'stache at Silverstone '87!"", 'Those cars. Oh man.', 'N I G E L!!!', 'That Arrows from 87/88 had one of the most distinguished forms among other cars of the era.', 'Wonderful!']",667,19,0.98,667,18,18,89,0,0.0,89
1gruymp,Large electric battery necessary for 2026 F1 engine: Otherwise we would only have 2 manufacturers,https://www.reddit.com/r/formula1/comments/1gruymp/large_electric_battery_necessary_for_2026_f1/,2024-11-15, News,"The share of the electric motor will grow to 50 percent in 2026. Without that, many manufacturers would have left F1. FIA Technical Director Nikolas Tombazis explains.

We had to work a lot on the regulations. Especially with regard to energy management, to ensure that the cars also behave like real racing cars and have no undesirable characteristics. ""We are very happy. I think we have done well,"" Tombazis reports.

""A motor without an electric component, for example V8 motors powered by e-fuels, was not an issue. ""We have to be able to do that. If we hadn't put the engine program together as it is now, we would probably have only had two engine manufacturers,"" says Tombazis.
For the premier class, this would hardly have been sustainable. ""We therefore think that it was necessary to install a large electrical component in the drive in order to also send a message in the interest of the environment.""","['“without that, many manufacturers would have left F1”\n\n\nRenault: this does not apply to us.', 'The message was not about environment but attracting more manufacturers for a financial gain.', 'I still find it a bit disappointing that we don’t have front axle regen. All because they were afraid that Audi (and some time ago also Porsche) would gain more of an advantage from it.', 'So just call up cosworth.  We dont need car manufacturers if they insist on range rover sized heavy hybrid cars that cant fit on a circuit together.', ""People here are forgetting the FIA works with the teams and the FIA has to cater to every team's demands, there would be no sport left without the teams. The Concorde agreement requires mutual consent after all. FIA has no way heck probably no desire to even question the team's suggestions. Even historically looking at the FIA-FOTA drama."", ""I'm so glad F1 fans aren't in charge because y'all got some terrible ideas."", 'Now that we have formula E I think all the eco-friendly stuff is laughable. It would be fully alternate fuel of eco was really the thing. \n\nThis level of sport should use whatever technology is the best and it should be deployed in the best way possible.', ""Let them go then. It isn't like there are 10 manufacturers...there are only 3. I bet one of the ones threatening to leave were Renault too. What about Cadillac?"", 'fuck the regs, give them engineering windows they have to hit, like engine size and just let the engineers do their job to develop the best engine possible. why would you technically regulate what should be the playground for engineers to go wild.']",533,137,0.94,533,1885,1885,14,1,0.0,14
1grzku8,Scam company which offered fake hospitality packages to British Grand Prix is shut down,https://www.reddit.com/r/formula1/comments/1grzku8/scam_company_which_offered_fake_hospitality/,2024-11-15, News,,"['And now , I am without a job. Maybe I can work for that Nigerian Prince.', ""Didn't hear abt this but why would they do this"", 'See if we can set up a seance for Tom Walkinshaw to find out where that T-Minus fella ended up', 'money', 'They just wanted to help people']",300,8,0.96,300,90,90,5,0,0.0,5
1grwgpg,Carlos & Charles test the Ferrari F80,https://www.reddit.com/r/formula1/comments/1grwgpg/carlos_charles_test_the_ferrari_f80/,2024-11-15, Video,,"['""The best Ferrari balance I\'ve ever driven"" shots fired.', 'hot men driving hot cars', 'I’m going to be sick if they jump cut again. Can car companies ever do these kinds of videos properly? \n\nThat said it’s a stunning car, kind of reminds me of a modernised Group C racer.', ""Charles: it's predictable and powerful people will like this and it needs to be this way, Ferrari have thought very hard.\n\nCarlos: PPPOOOOWWWWEEEEERRRRR!!!"", 'Is that Ferrari logo not turning with the steering wheel,', 'Imagine spending that much on a Ferrari and it barely making any noise.', 'Like they need their F1 drivers to stump for the new $4M halo car? Uh… people have probably already claimed the allocations. Not sure what this sort of press aims to accomplish. Charles will no doubt have one of these coming his way next year in customary matte black. Carlos, maybe not so much. \n\nI see the resemblance to the F40 and F50, which is cool, and there is obviously performance galore…but it’s just not doing anything for me.', ""Watching this things only makes me sad I'm not rich..."", ""It's nice, but it's no F40. Ferrari peaked there for me."", 'SF24: what did he say fuck me for?']",156,20,0.94,156,169,169,6,0,0.0,6
1gry0l5,[F1] ‘I was so focused about it’ – Alonso names best race since his comeback that he prepared for more than any other,https://www.reddit.com/r/formula1/comments/1gry0l5/f1_i_was_so_focused_about_it_alonso_names_best/,2024-11-15, News,,"['TL;DR It was Monaco 2023', 'Intermediates goddamnit!! Whyyy whyyyy give him another set of dry tyres', ""I'm just fucking done with these F1 dead-time clickbait headlines"", 'Eran intermedios…', 'Interesting his point that upgrades, quote unquote, can take away from strengths of the car.', 'Alonso surely changes his opinions about his performances way too often. He said after that season it was Monza, on other time he said Zandvoort and now Monaco.\n\nThe only opinion he doesn’t change is that 2012 was his best season and that’s difficult to argue', 'That was the closest he came to win a race. It was his race until the call for Mediums.\n\n(RBR messed up by not calling Max in on the lap Alonso pitted. On that lap, Max was basically crawling near the tunnel section. Had Alonso went for Inters, he’d be leading the race after Max’s pit stop but because Alonso went for Mediums, he had to pit again to get Inters)', 'Because when they asked Alonso, he was responding ""I don\'t know"".\n\nIn the same time, both drivers ahead of him, and the driver behind him, called correct tyres.', 'Don’t necessarily disagree but you can just come back next week and save yourself the bother.']",120,21,0.79,120,547,547,11,0,0.020000000000000018,11
1grzfdz,Average finishing and quali position throughout a season - comparison between teammates - top 4 teams (with graphs),https://www.reddit.com/r/formula1/comments/1grzfdz/average_finishing_and_quali_position_throughout_a/,2024-11-15, Statistics,It is my first time doing this kind of analysis. I hope graphs are transparent and easy to interpret. I would be grateful for feedback on what/how I can improve in the future. If you have any questions just ask.,"['Good work! My only suggestion would be to use more contrasting colours in the teammate quali bars', 'Very cool graphs. It made a lot of sense to me and it was fun to read.\xa0\n\nLewis really had an incredible mid part of the year. I still remember people say that he’ll regret leaving Mercedes and now Ferrari is looking like a good move again.', 'Every time reading graph about Charles’ mid season makes me feel sick.', 'Nice work! I think having the same scale for the teammate comparisons would give a more realistic impression at a glance. Its cool to see quali and race on the same graph tho i dont think ive seen one that shows the difference so well before', 'Man I wonder what Mercedes found in the middle of the year to lock in like that.', ""How is Max at 3.5 a smaller bar than Lando and Charles at less?\n\nMake sure the max (not that Max) is the same for every bar, otherwise you're participating in manipulation through statistics (and might get a job offer from an American media company)"", 'Good graphs', 'Max got slower. Checo must‘ve closed the gap. Right? Right???', 'I like it, but as a suggestion, the scales for the bars on the first pic not being the same makes it look weird. Like, for example, a 6.33 for Charles almost at the end but then Checo with a 9.20 above is at like 75% of the space.']",93,28,0.88,93,112,112,6,1,0.010000000000000009,6
1gse0mb,In honour of Damon Hill - Murray commentary on Damon Hill's WDC,https://www.reddit.com/r/formula1/comments/1gse0mb/in_honour_of_damon_hill_murray_commentary_on/,2024-11-16, Video,,"['“And I’ve got to stop, because I have a lump in my throat” -the greatest sports commentator of all time.', 'Damon hill is peak napo baby\nHe had a car that should have just walked over everyone and also remember driver aids tc abs launch control and even suspension aid', ""Miss that guy..now that's nostalgia"", 'None of which were on the FW18', 'like missing dial-up internet sounds.']",0,8,0.5,0,5,5,-3,2,-0.06999999999999995,-3
